VERSION
54
10
0
2
11
6
7.489626
15.194217
1.000000 0.000000 0.000000 0.000000
0.000000 1.000000 0.000000 0.000000
0.000000 0.000000 1.000000 0.000000
0.009576 3.002125 -0.000000 1.000000
12
16.509909
13
3
3.650106
1.000000 0.000000 0.000000 0.000000
0.000000 1.000000 0.000000 0.000000
0.000000 0.000000 1.000000 0.000000
-0.878026 0.000000 -0.000000 1.000000
15
0
6.100880
20.111454
19.229982
5.365522
2.012071
4.287319
3.253147
1.952963
7.079490
1
1
0.000000 1.000000 0.000000 0.000000
-1.000000 0.000000 0.000000 0.000000
0.000000 0.000000 1.000000 0.000000
3.253147 7.079490 -0.000000 1.000000
3.339494
0
6.100880
20.111454
19.229982
5.365522
2.012071
4.287319
3.253147
1.952963
7.079490
1
1
0.000000 1.000000 0.000000 0.000000
-1.000000 0.000000 -0.000000 0.000000
0.000000 -0.000000 -1.000000 0.000000
3.253147 7.079490 0.000000 1.000000
3.339494
16
0
12.992728
12.771863
4.024142
2.012071
6.393937
0.000000
0.000000
-1.009579 -2.439407 3.082396 1.000000
5.896925
5.896925
0.000000
5.896925
5
3
0.785117 -0.392191 -0.479352 0.000000
0.017174 0.787450 -0.616139 0.000000
0.619110 0.475509 0.624975 0.000000
3.348670 -2.105599 -1.562970 1.000000
1.968980
1.406415
1.406415
3
0.972715 -0.130746 -0.191653 0.000000
-0.176412 0.119680 -0.977014 0.000000
0.150677 0.984166 0.093349 0.000000
7.146072 -1.769943 -0.562604 1.000000
1.835454
1.448032
1.382104
3
0.956131 -0.021670 -0.292136 0.000000
-0.286928 0.131690 -0.948857 0.000000
0.059033 0.991054 0.119694 0.000000
7.355679 -0.535837 -0.440948 1.000000
2.001810
1.579274
1.507371
3
0.972605 0.149354 -0.178138 0.000000
-0.168675 -0.073901 -0.982897 0.000000
-0.159964 0.986018 -0.046685 0.000000
7.260594 0.776707 -0.723854 1.000000
1.715837
1.568821
1.451794
3
0.936278 0.213314 -0.279071 0.000000
-0.169590 -0.421238 -0.890954 0.000000
-0.307608 0.881508 -0.358220 0.000000
6.779281 1.874855 -0.920098 1.000000
1.533396
1.321192
1.209576
0
12.992728
12.771863
4.024142
2.012071
6.393937
0.000000
0.000000
1.009579 2.439407 3.082396 1.000000
5.896925
5.896925
0.000000
5.896925
5
3
0.785117 -0.392191 -0.479352 0.000000
0.017174 0.787450 -0.616139 0.000000
0.619110 0.475509 0.624975 0.000000
3.348670 -2.105599 -1.562970 1.000000
1.968980
1.406415
1.406415
3
0.972715 -0.130746 -0.191653 0.000000
-0.176412 0.119680 -0.977014 0.000000
0.150677 0.984166 0.093349 0.000000
7.146072 -1.769943 -0.562604 1.000000
1.835454
1.448032
1.382104
3
0.956131 -0.021670 -0.292136 0.000000
-0.286928 0.131690 -0.948857 0.000000
0.059033 0.991054 0.119694 0.000000
7.355679 -0.535837 -0.440948 1.000000
2.001810
1.579274
1.507371
3
0.972605 0.149354 -0.178138 0.000000
-0.168675 -0.073901 -0.982897 0.000000
-0.159964 0.986018 -0.046685 0.000000
7.260594 0.776707 -0.723854 1.000000
1.715837
1.568821
1.451794
3
0.936278 0.213314 -0.279071 0.000000
-0.169590 -0.421238 -0.890954 0.000000
-0.307608 0.881508 -0.358220 0.000000
6.779281 1.874855 -0.920098 1.000000
1.533396
1.321192
1.209576
19
0
20
0
30
0
21
0
22
0
23
0
25
0
0
0
0
0
0
0
0
0
0
0
0.500000
0.500000
0.500000
0.500000
0.500000
0.500000
0.500000
0.500000
0.500000
0.500000
26
0
0
0
0
0
0
0
0
0
18
0.000000
31
1
1
32
0
33
0
0
17
501
11.470905
11.379867
503
16.358156
13.271104
16.839277
13.679378
506
11.261582
16.015974
14.382533
15.718055
1.406415
1.406415
1.406415
1.406415
1.406415
1.406415
1.382104
1.382104
1.382104
1.382104
1.382104
1.382104
1.507371
1.507371
1.507371
1.507371
1.507371
1.507371
1.292032
1.292032
1.292032
1.292032
1.292032
1.292032
1.038004
1.038004
1.038004
1.038004
1.038004
1.038004
6.393937
14.386356
12.296033
11.261582
16.015974
14.382533
15.718055
1.406415
1.406415
1.406415
1.406415
1.406415
1.406415
1.382104
1.382104
1.382104
1.382104
1.382104
1.382104
1.507371
1.507371
1.507371
1.507371
1.507371
1.507371
1.292032
1.292032
1.292032
1.292032
1.292032
1.292032
1.038004
1.038004
1.038004
1.038004
1.038004
1.038004
6.393937
14.386356
12.296033
505
16.089163
20.111454
17.306984
19.229982
1.433628
3.947724
40.000000
40.000000
40.000000
16.089163
20.111454
17.306984
19.229982
1.433628
3.947724
40.000000
40.000000
40.000000
500
16.509909
14.042252
17.644794
16.509909
10.616258
10.616258
6.100880
507
100
0.000000
0.000000
-0.130526
0.991445
0.000000
0.000000
0.000000
3
0.000000
0.000000
-0.000000
0.000000 0.000000 0.000000 0.000000
0.000000
0.346339 -0.000000 0.000000 1.000000
101
3
-0.349066
-0.000000
-0.000000
0.000000 0.000000 0.000000 0.000000
0.000000 0.000000 1.000000 0.000000
0.000000 1.000000 0.000000 0.000000
-1.000000 0.000000 0.000000 0.000000
0.000000 42.280128 0.000000 1.000000
108
0.000000 0.000000 0.000000 0.000000
0.000000 42.280128 0.000000 1.000000
0.000000
0.707107
0.000000
0.707107
102
-0.000000
-0.000000
0.000000
1.000000
0.000000
0.000000
0.000000
103
6
0.000000
0.000000
0.000000
0.000000
-0.000000
0.000000
0.000000 0.000000 0.000000 0.000000
105
2.941554
0.300000
-0.002220
-0.043571
0.049008
0.997845
0.000000
0.000000
0.000000
-0.120000
0.000000
0
0.000000
0.000000
38.997379 0.000004 -3.395427 1.000000
-9.496310 3.282749 -0.000002 1.000000
0.086737 -0.008701 0.996193 1.000000
3
0
-0.122788
0.122788
0.696364
0.696364
0.000000
0.000000
0.000000
0.000000
0.000000
0.000000
1.000000
0.579228
-0.579228
-0.405580
-0.405580
0.000000
0.000000
0.000000
1
0.000000
0.000000
0.000000
1.000000
0.000000
0.000000
0.000000
1.000000
1
0.000000
0.000000
1
0.000000
0.000000
0.000000
1.000000
0.000000
0.000000
0.000000
1.000000
1
0.000000
0.000000
1
0.000000
0.000000
0.000000
1.000000
0.000000
0.000000
0.000000
1.000000
1
0.000000
0.000000
1
0.000000
0.000000
0.000000
1.000000
0.000000
0.000000
0.000000
1.000000
1
0.000000
0.000000
1
0.000000
0.000000
0.000000
1.000000
0.000000
0.000000
0.000000
1.000000
1
0.000000
0.000000
0
0
5
0
0
-11.697521 0.029602 6.047764 1.000000
0.000000 0.000000 0.000000 1.000000
0.000000
2.941554
0.300000
-0.002220
-0.043571
0.049008
0.997845
0.000000
0.000000
0.000000
-0.120000
0.000000
0
0.000000
0.000000
38.997379 0.000004 -3.395427 1.000000
8.088392 3.282749 -0.000004 1.000000
0.086737 -0.008701 0.996193 1.000000
3
0
0.122788
-0.122788
0.696364
0.696364
0.000000
0.000000
0.000000
0.000000
0.000000
0.000000
1.000000
-0.405580
0.405580
0.579228
0.579228
0.000000
0.000000
0.000000
1
0.000000
0.000000
0.000000
1.000000
0.000000
0.000000
0.000000
1.000000
1
0.000000
0.000000
1
0.000000
0.000000
0.000000
1.000000
0.000000
0.000000
0.000000
1.000000
1
0.000000
0.000000
1
0.000000
0.000000
0.000000
1.000000
0.000000
0.000000
0.000000
1.000000
1
0.000000
0.000000
1
0.000000
0.000000
0.000000
1.000000
0.000000
0.000000
0.000000
1.000000
1
0.000000
0.000000
1
0.000000
0.000000
0.000000
1.000000
0.000000
0.000000
0.000000
1.000000
1
0.000000
0.000000
0
0
5
0
0
0.000000 0.000000 0.000000 1.000000
0.000000 0.000000 0.000000 1.000000
0.000000
106
3.025886
0.300000
0.050474
0.502936
-0.014858
0.862721
0.000000
0.000000
0.000000
0.000000
0.000000
0
0.000000
0.000000
12.714094 3.428400 22.095091 1.000000
-31.571423 52.856277 2.428396 1.000000
-0.869286 0.072145 0.489016 0.000000
0
0
0.000846
0.043611
-0.019384
0.998861
0.000000
0.000000
0.000000
0.000000
0.000000
0.000000
1.000000
0.681153
-0.091684
0.209690
0.695453
0.000000
0.000000
0.000000
4
-0.013602
-0.014389
0.038867
0.999048
0.000000
0.000000
0.000000
1.000000
0.000000
0.000000
-0.075362
0.997156
0.000000
0.000000
0.000000
1.000000
0.000000
0.000000
-0.076623
0.997060
0.000000
0.000000
0.000000
1.000000
0.000000
0.000000
-0.087388
0.996174
0.000000
0.000000
0.000000
1.000000
0
0.000000
0.000000
0.000000
0.000000
0.000000
0.233333
0.000000
0.000000
0.233333
0.000000
0.000000
0.175000
4
0.000000
0.000000
-0.000000
1.000000
0.000000
0.000000
0.000000
1.000000
0.000000
0.000000
-0.162886
0.986645
0.000000
0.000000
0.000000
1.000000
0.000000
0.000000
-0.037701
0.999289
0.000000
0.000000
0.000000
1.000000
0.000000
0.000000
-0.087388
0.996174
0.000000
0.000000
0.000000
1.000000
0
0.000000
0.000000
0.000000
0.000000
0.000000
0.233333
0.000000
0.000000
0.233333
0.000000
0.000000
0.175000
4
0.000000
0.000000
-0.000000
1.000000
0.000000
0.000000
0.000000
1.000000
0.000000
0.000000
-0.036145
0.999347
0.000000
0.000000
0.000000
1.000000
0.000000
0.000000
-0.134221
0.990951
0.000000
0.000000
0.000000
1.000000
0.000000
0.000000
-0.087388
0.996174
0.000000
0.000000
0.000000
1.000000
0
0.000000
0.000000
0.000000
0.000000
0.000000
0.233333
0.000000
0.000000
0.233333
0.000000
0.000000
0.175000
4
-0.000000
0.000000
-0.000000
1.000000
0.000000
0.000000
0.000000
1.000000
0.000000
0.000000
-0.125677
0.992071
0.000000
0.000000
0.000000
1.000000
0.000000
0.000000
-0.099801
0.995007
0.000000
0.000000
0.000000
1.000000
0.000000
0.000000
-0.087388
0.996174
0.000000
0.000000
0.000000
1.000000
0
0.000000
-0.000000
0.000000
0.000000
0.000000
0.233333
0.000000
0.000000
0.233333
0.000000
0.000000
0.175000
4
-0.000000
0.000000
-0.000000
1.000000
0.000000
0.000000
0.000000
1.000000
-0.001982
0.017322
-0.119134
0.992725
0.000000
0.000000
0.000000
1.000000
-0.002358
0.017275
-0.097478
0.995085
0.000000
0.000000
0.000000
1.000000
0.000000
0.000000
-0.087388
0.996174
0.000000
0.000000
0.000000
1.000000
0
0.000000
-0.000000
0.000000
0.000000
0.000000
0.233333
0.000000
0.000000
0.233333
0.000000
0.000000
0.175000
0
-1
5
0
0
-36.579914 49.804283 3.324719 1.000000
0.000000 0.000000 0.000000 1.000000
0.000000
3.025886
0.300000
0.050474
0.502936
-0.014858
0.862721
0.000000
0.000000
0.000000
0.000000
0.000000
0
0.000000
0.000000
12.714094 3.428400 22.095091 1.000000
31.571423 52.856277 2.430239 1.000000
-0.869286 0.072145 0.489016 0.000000
0
0
0.000846
0.043611
-0.019384
0.998861
0.000000
0.000000
0.000000
0.000000
0.000000
0.000000
1.000000
0.681153
-0.091684
0.209690
0.695453
0.000000
0.000000
0.000000
4
-0.013602
-0.014389
0.038867
0.999048
0.000000
0.000000
0.000000
1.000000
0.000000
0.000000
-0.075362
0.997156
0.000000
0.000000
0.000000
1.000000
0.000000
0.000000
-0.076623
0.997060
0.000000
0.000000
0.000000
1.000000
0.000000
0.000000
-0.087388
0.996174
0.000000
0.000000
0.000000
1.000000
0
0.000000
0.000000
0.000000
0.000000
0.000000
0.233333
0.000000
0.000000
0.233333
0.000000
0.000000
0.175000
4
0.000000
0.000000
-0.000000
1.000000
0.000000
0.000000
0.000000
1.000000
0.000000
0.000000
-0.162886
0.986645
0.000000
0.000000
0.000000
1.000000
0.000000
0.000000
-0.037701
0.999289
0.000000
0.000000
0.000000
1.000000
0.000000
0.000000
-0.087388
0.996174
0.000000
0.000000
0.000000
1.000000
0
0.000000
0.000000
0.000000
0.000000
0.000000
0.233333
0.000000
0.000000
0.233333
0.000000
0.000000
0.175000
4
0.000000
0.000000
-0.000000
1.000000
0.000000
0.000000
0.000000
1.000000
0.000000
0.000000
-0.036145
0.999347
0.000000
0.000000
0.000000
1.000000
0.000000
0.000000
-0.134221
0.990951
0.000000
0.000000
0.000000
1.000000
0.000000
0.000000
-0.087388
0.996174
0.000000
0.000000
0.000000
1.000000
0
0.000000
0.000000
0.000000
0.000000
0.000000
0.233333
0.000000
0.000000
0.233333
0.000000
0.000000
0.175000
4
-0.000000
0.000000
-0.000000
1.000000
0.000000
0.000000
0.000000
1.000000
0.000000
0.000000
-0.125677
0.992071
0.000000
0.000000
0.000000
1.000000
0.000000
0.000000
-0.099801
0.995007
0.000000
0.000000
0.000000
1.000000
0.000000
0.000000
-0.087388
0.996174
0.000000
0.000000
0.000000
1.000000
0
0.000000
-0.000000
0.000000
0.000000
0.000000
0.233333
0.000000
0.000000
0.233333
0.000000
0.000000
0.175000
4
-0.000000
0.000000
-0.000000
1.000000
0.000000
0.000000
0.000000
1.000000
-0.001982
0.017322
-0.119134
0.992725
0.000000
0.000000
0.000000
1.000000
-0.002358
0.017275
-0.097478
0.995085
0.000000
0.000000
0.000000
1.000000
0.000000
0.000000
-0.087388
0.996174
0.000000
0.000000
0.000000
1.000000
0
0.000000
-0.000000
0.000000
0.000000
0.000000
0.233333
0.000000
0.000000
0.233333
0.000000
0.000000
0.175000
0
-1
5
0
0
41.334888 47.041737 3.717161 1.000000
0.000000 0.000000 0.000000 1.000000
0.000000
107
27
0.500000
0.500000
0.500000
0.500000
0.500000
0.500000
28
6
0
-0.004342
-0.009040
-0.014528
-0.999844
pose1
-0.028972 -0.018203 -0.999414
-0.999540 -0.008421 0.029129
0.000000
0.500000
0.306306
0.285922
-0.628247
0.655539
pose2
0.998840 0.010006 -0.047110
-0.022966 -0.760849 -0.648522
0.000000
0.500000
-0.604889
0.099517
0.672610
-0.414490
pose3
0.437187 0.896206 -0.075384
0.636588 -0.367568 -0.677974
0.000000
0.500000
-0.202303
-0.721503
-0.037610
-0.661130
pose4
0.242194 -0.969231 0.043962
-0.915318 -0.213225 0.341656
0.000000
0.500000
-0.105683
0.335716
0.702526
0.618533
pose5
-0.940030 -0.266812 0.212496
0.009423 0.602436 0.798112
0.000000
0.500000
0.017896
0.466863
-0.884082
0.010833
pose6
0.035866 0.021528 0.999125
0.563844 -0.825878 -0.002445
0.000000
0.500000
29
6
0
0.000000
0.000000
-0.020622
0.999787
pose1
-0.041236 0.000000 -0.999149
0.999149 0.000000 -0.041236
0.000000
0.500000
0.036782
0.019800
0.678470
0.733439
pose2
0.993777 0.078954 -0.078572
0.076650 0.027087 0.996690
0.000000
0.500000
0.183027
0.681963
-0.186833
-0.683024
pose3
0.005588 -0.999984 -0.000040
0.863189 0.004803 0.504858
0.000000
0.500000
0.000000
0.000000
-0.697373
0.716708
pose4
-0.999626 0.000000 -0.027341
0.027341 0.000000 -0.999626
0.000000
0.500000
0.000156
0.008472
0.999794
-0.018419
pose5
-0.036833 0.000000 0.999321
-0.999178 -0.016947 -0.036828
0.000000
0.500000
0.351327
0.624934
0.376430
0.586794
pose6
0.002661 0.997915 0.064484
0.469740 -0.058174 0.880886
0.000000
0.500000
